uf,populacao,2020/Jan,2020/Fev,2020/Mar,2020/Abr,2020/Mai,2020/Jun,2020/Jul,2020/Ago,2020/Set,2020/Out,2020/Nov,2020/Dez,2020/Jan_per_capita,2020/Fev_per_capita,2020/Mar_per_capita,2020/Abr_per_capita,2020/Mai_per_capita,2020/Jun_per_capita,2020/Jul_per_capita,2020/Ago_per_capita,2020/Set_per_capita,2020/Out_per_capita,2020/Nov_per_capita,2020/Dez_per_capita
São Paulo,46289333,304511719.34,288872273.89,297359679.7,251331659.0,272493373.35,306768344.3,367648996.72,349900969.68,354117254.42,345733068.79,335084865.66,330489045.98,6.57844258287325,6.240579744149694,6.423935287639595,5.429580482397532,5.886742272782372,6.62719301442516,7.94241292524133,7.558997872792853,7.6500833230843925,7.468957670874195,7.238921884227626,7.139637246015189
Minas Gerais,21292666,159280453.89,150237121.46,142897333.08,133416702.94,133514800.21,139943759.22,165759955.94,171048093.95,175439696.53,178279152.74,175253226.91,172509435.62,7.480531272598743,7.055815437108722,6.7111057431699725,6.265852427309948,6.270459519254188,6.572392542108161,7.784838025449702,8.033192928964366,8.239442469533877,8.372796189072801,8.230685011919128,8.101824150155739
Rio de Janeiro,17366189,83186258.72,76116203.22,77004637.47,71404623.67,85123662.73,91735358.99,99331352.01,96339615.99,88305239.94,86995649.35,86776500.97,90416725.95,4.790127455137106,4.383011334265682,4.434170183797954,4.111703705977172,4.901689295791956,5.282411644258852,5.719812908289781,5.547539301224926,5.084894558040339,5.00948419656149,4.996864940834169,5.206480589955574
Bahia,14930634,72991644.23,70076183.91,73156459.75,62673156.89,64075440.82,69686505.66,84204991.86,83478081.57,80540324.01,81250834.02,86257814.0,85871122.17,4.888716998219902,4.693449984106502,4.899755747143758,4.1976219422430425,4.291541860847972,4.667350740765596,5.639746568029194,5.591060739282739,5.394300336476,5.441887733635423,5.7772371889900995,5.751337965286671
Paraná,11516840,122357489.56,127010218.52,117317015.92,94604541.3,107506194.76,96981983.22,109720663.59,129529222.48,122702263.26,129647873.97,126859051.02,120037066.76,10.624224141344328,11.028217681238951,10.186562973871306,8.21445303572855,9.334695520646289,8.42088482778262,9.526976461425184,11.246941216514253,10.654160625657733,11.257243651036221,11.015091901945326,10.422743283747973
Rio Grande do Sul,11422973,94908336.74,91437940.91,102876132.83,83000318.02,82381774.95,86092502.24,100579287.65,102609965.59,104401019.54,117458292.46,108853890.98,111760506.8,8.308549511585118,8.004741052088628,9.006073360236428,7.266087210396102,7.211938166184933,7.536785934799986,8.80500090913285,8.982772312426896,9.139566340566507,10.282637668845053,9.529383548398478,9.783837079891548
Pernambuco,9616621,70161441.76,64822616.22,66221727.51,49241430.42,58988241.41,64301576.28,74914677.43,77232881.01,71715677.42,66555628.25,78904176.21,70978052.15,7.295851813230448,6.740685342595907,6.886174209215482,5.120450355691464,6.133988373878933,6.686504155669647,7.79012476731692,8.031186942898135,7.457471540159481,6.920895421583111,8.204979296782103,7.380768374879285
Ceará,9187103,50630584.39,50725074.22,47009985.82,45048541.7,46430634.71,54991440.03,56019506.33,61719491.69,56625919.77,59074596.33,56916499.66,50849353.22,5.511050043740665,5.521335095513787,5.116954258594902,4.903454516619657,5.05389290944055,5.985721508728051,6.097624716953756,6.7180580962246745,6.163631753121741,6.430165889072975,6.195260862972799,5.5348626460376025
Pará,8690745,34365985.58,37417579.86,35610330.34,28292446.48,32998806.72,42192745.99,40804126.43,44385715.88,36820249.47,36965931.34,39004315.8,38015145.79,3.954319863256832,4.305451357737455,4.097500310962984,3.255468487454183,3.797005517938911,4.8549055334151445,4.695124115366404,5.1072394691134075,4.236719575824627,4.253482450583927,4.488029023978957,4.374210242044842
Santa Catarina,7252502,60255326.83,63695794.11,61835940.53,51632371.91,55188294.77,57897436.61,61267297.89,65467585.93,71781494.82,69414431.71,68460616.55,70333079.37,8.308212370020717,8.782595869673665,8.526152840771365,7.1192495927612285,7.609552506155807,7.9830983307553725,8.447746431507362,9.026896639256355,9.897480182701086,9.57110135371214,9.439586028380274,9.69776766280106
Maranhão,7114598,30324868.5,30018188.06,29309892.09,25256589.2,31356916.21,34868483.11,35473489.49,32219037.29,30077152.72,33200778.47,31942670.33,30783403.58,4.262344618768341,4.219238818553065,4.119683514093136,3.5499671520442897,4.407405198438478,4.900977273768666,4.986014598435498,4.528581557243291,4.227526659974323,4.666571248298217,4.4897365009238746,4.326794511791109
Goiás,7113540,35794874.64,35048141.29,34843938.16,30932236.73,34406945.17,36101619.85,40606222.82,46229357.1,44889588.33,45529496.23,43037600.45,44147353.21,5.031935525771979,4.926962003446947,4.898255743272688,4.348360553254779,4.836824586633378,5.0750568423035505,5.708300342726687,6.498783601413642,6.310442948236743,6.4003992709677595,6.050096077339834,6.206101773519232
Amazonas,4207714,16063450.73,14939977.2,15107056.74,13534657.88,19698748.89,21129394.43,19769460.14,18059931.43,17841015.63,16408315.1,19895617.91,17765167.69,3.8176194318340078,3.5506161302788164,3.5903240429363783,3.216629713901658,4.681579805566633,5.02158521943269,4.698384952019078,4.292100515862057,4.240073263059228,3.8995794628627327,4.728367448453008,4.222047337342795
Espírito Santo,4064052,28057063.29,26361545.85,26637385.72,25322623.29,28976583.86,29041781.1,33474963.98,32364742.01,38569356.14,35748380.19,32030401.25,33674687.78,6.903716608448907,6.486517852133782,6.554390967438408,6.230880729380431,7.129973696202706,7.146016118888243,8.236844405534182,7.963663361098726,9.490369744284768,8.796240842882915,7.8813955259430735,8.28598841254984
Paraíba,4039277,17227838.0,17591547.33,17844195.52,16273867.55,14997248.91,17441299.56,27294311.05,23288213.79,19480481.07,19988426.94,18418075.59,18099514.43,4.2650796169710565,4.35512279301469,4.417670667300113,4.028906051751341,3.7128547782189734,4.317926094199531,6.757226862629129,5.76544113959008,4.822764338766566,4.948516019079652,4.559745615366314,4.480879729218867
Rio Grande do Norte,3534165,23101224.38,21644473.35,22438442.72,18744943.81,19454054.0,21476468.96,26337808.77,27579658.62,27721340.38,26048003.33,24737052.09,23846816.35,6.5365438172807435,6.124352810352658,6.34900824381431,5.303924352711319,5.504568688785046,6.076815587274505,7.452342708956713,7.803726939743901,7.843816114980483,7.370341602613347,6.999404976847431,6.747510755723064
Mato Grosso,3526220,15259436.5,15066106.66,14906973.08,12563655.61,13632848.78,13215428.53,16834650.98,19704915.36,20746227.6,22727405.2,20506039.58,19583803.46,4.327420438883563,4.272594069570248,4.227465410552943,3.562924494217604,3.8661367640135893,3.7477606417069835,4.77413518725434,5.588112868737628,5.883418391365258,6.445260136917152,5.81530352048369,5.553766770082412
Alagoas,3351543,16913209.84,15857344.98,16014260.42,15057213.01,14411431.27,15406872.52,18453860.49,19995280.39,18185986.17,18871513.02,18597375.56,17805273.37,5.0463950007504,4.731356566214427,4.77817543143561,4.49262116284947,4.2999392429099075,4.59694908285527,5.50607898809593,5.965992496590377,5.426153318038886,5.630693987813971,5.548899584460052,5.312560026829434
Piauí,3281480,16229473.38,16851334.11,14568254.23,12224393.97,13182211.0,15282065.7,19908573.27,25663537.49,20230782.72,22389215.72,18911604.5,20883972.79,4.945778545046747,5.1352847221375715,4.439537717737119,3.7252684672769605,4.017154149956727,4.657065013347635,6.066949446591172,7.820720373124321,6.165139729634189,6.82290177602789,5.763132641369138,6.3641932268366705
Distrito Federal,3055149,22341629.09,20643441.06,22947163.99,21536505.16,19058243.91,22704335.27,25269773.34,26526196.39,20056592.11,20856249.3,20459325.27,22991567.76,7.312778882470217,6.756934296821529,7.510980312253182,7.04924871421983,6.238073465484008,7.4314985193848155,8.271208160387594,8.68245587694741,6.564849082647033,6.82658989790678,6.696670201682471,7.525514388987248
Mato Grosso do Sul,2809394,18115134.64,19542439.88,19032785.73,17410262.53,17913161.92,17363192.43,18858844.44,19877080.68,19247894.51,19497210.85,22023126.25,19629591.55,6.448057709242634,6.956105081736488,6.774694375370632,6.1971594336714615,6.376165792338135,6.1804048951482065,6.712780208116057,7.0752200225386686,6.851262055090885,6.94000586959323,7.839102044782612,6.987126600968038
Sergipe,2318822,9691241.43,9325631.63,8093465.51,8589154.91,8026929.31,8057935.1,10313262.56,11404646.48,10741986.6,12278300.58,12264609.05,11454427.82,4.179381353980599,4.021710864395802,3.490334967496427,3.704102734060657,3.461641001336023,3.4750123554114976,4.447630115636302,4.918293202324284,4.6325188393072,5.295059551789659,5.289155032167195,4.939761577214638
Rondônia,1796460,9222010.6,7493901.3,8148169.46,7353768.37,7739864.47,9246097.96,11824687.13,11733307.76,10201985.14,7955139.45,9357946.29,8880836.55,5.133434977678323,4.171482415416986,4.535680983712412,4.0934773777317615,4.3083978880687575,5.1468432138761795,6.5822156518931685,6.5313492980639705,5.678938100486513,4.428230770515347,5.209103620453559,4.943520340002005
Tocantins,1590248,8098081.5,7024599.22,7210345.19,6391193.66,6707977.77,7424637.88,9155572.36,8390267.72,8729632.49,7770885.66,527840.46,675277.05,5.092338742133302,4.417297943465422,4.534101089892897,4.018991792475136,4.2181960109366585,4.668855348348182,5.757323612417685,5.276075002138032,5.489478678797269,4.886587287014352,0.33192336038152537,0.4246363145874103
Acre,894470,3331803.55,3417691.07,3076003.2,2286642.6,2896340.24,3045245.8,3915193.2,3640142.82,3391242.21,4044321.44,3276590.1,3696997.31,3.724891332297338,3.820911903138171,3.438911534204613,2.5564217916755174,3.2380518519346655,3.40452536138719,4.377109573266851,4.06960861739354,3.79134259393831,4.521472425011459,3.6631637729605244,4.133170827417353
Amapá,861773,2333822.65,2310195.65,1842472.54,1705873.64,2065055.35,2009912.57,3253399.45,2946398.44,2416019.23,2203732.04,2218532.26,2566919.6,2.7081640408785144,2.6807473081658393,2.138002165303392,1.9794930219442939,2.39628689921824,2.332299306197804,3.7752394772173186,3.4189960001067567,2.803544819807536,2.5572071067438875,2.5743812581735557,2.978649365900301
Roraima,631181,3059823.8,2912519.98,2937346.43,2868820.96,2752228.26,3401864.29,3015488.3,2826486.18,2928043.91,3090313.73,3621031.05,3454460.94,4.847775519225071,4.614397423243095,4.653730752351544,4.545163685218662,4.360442186947959,5.389681074050074,4.77753338582752,4.478091355728389,4.638992476009259,4.896081678631011,5.736913896330846,5.4730116083975915
