,Rondônia,Acre,Amazonas,Roraima,Pará,Amapá,Tocantins,Maranhão,Piauí,Ceará,Rio Grande do Norte,Paraíba,Pernambuco,Alagoas,Sergipe,Bahia,Minas Gerais,Espírito Santo,Rio de Janeiro,São Paulo,Paraná,Santa Catarina,Rio Grande do Sul,Mato Grosso do Sul,Mato Grosso,Goiás,Distrito Federal
2008/Fev,2931283.42,1497206.26,7118990.57,777939.31,19553758.2,1268740.33,4985688.85,13559679.41,10079928.25,25735101.55,9509755.83,11386274.47,24181400.95,8376622.16,3676483.16,28189304.95,70194037.1,9102212.86,28394310.93,148677526.82,55384670.52,25651429.11,57363420.01,7002472.61,8684882.23,22258668.68,7632480.67
2008/Mar,1541682.52,1794028.48,8196635.49,718688.03,21937342.7,974651.24,6205612.6,13985142.36,10298372.45,28724625.75,10352238.59,12053643.87,29991302.71,8408336.22,5051473.61,34181483.52,79231336.95,10249595.97,44567062.94,156087269.23,53801318.85,26743524.89,51547794.07,8423933.19,7886243.14,21442515.75,9647203.26
2008/Abr,1525314.96,1730469.42,8259378.42,839994.39,20842829.69,1141137.32,4984482.09,14809416.46,10775976.33,30676457.06,10855108.5,12653528.76,34806197.97,9090794.82,5046063.36,39026934.13,77136537.58,11253833.56,44054604.82,161227125.43,52460306.69,27181488.26,56673338.49,8797487.68,8794109.79,20921212.45,11098732.99
2008/Mai,1645953.84,1819443.92,7831399.9,862347.96,23249952.88,866346.18,5511002.46,14505727.38,10398360.88,30604453.47,11160168.19,12215107.11,32147987.35,9338771.45,4741151.56,42949566.82,80554440.63,10198619.17,44911021.15,187119397.64,54419620.71,26845308.18,48397733.07,9770421.8,9231645.4,21615970.67,12891719.72
2008/Jun,1406150.68,1828496.0,8477273.62,832440.66,23240687.56,1440978.95,4927934.22,14908091.32,10528253.88,31272395.18,10475071.38,12256928.49,32239094.89,10068210.08,5401259.63,47025972.04,94758522.83,13364258.29,48056212.24,187291126.07,57811688.48,29909762.04,52413429.62,10905392.18,10221763.77,18270043.87,12850125.67
2008/Jul,3065279.01,2511754.59,9368858.72,996693.09,24002223.56,1426659.48,5445602.28,15784899.4,11040107.92,30925391.36,11386349.96,12755413.77,32685640.76,9887061.61,5521904.44,47481695.17,85360064.11,13035374.08,49872379.35,194398399.48,58094241.83,30789135.84,56636376.98,10249299.82,9163314.28,20540517.13,12565646.74
2008/Ago,3231494.61,2089107.14,9352532.7,894271.18,23341218.03,1475551.38,5413710.38,15195312.89,10549176.4,27851438.72,10640817.47,12872578.37,35457038.66,9373432.0,5238398.5,46931248.28,84722528.1,12588595.77,50912706.6,184854516.35,56982774.9,31250854.33,56113054.7,9671553.45,9243148.81,20650730.67,13710857.89
2008/Set,3117178.63,2275708.53,9363099.35,910424.17,25172261.32,1651341.43,5596669.5,14951277.75,10899198.97,30362719.9,11336030.28,12558296.11,33668261.46,9563580.5,5187912.19,44883379.31,84601757.95,12727433.3,49270352.76,188636359.55,57549082.26,30019676.93,55356224.3,10218511.05,9052354.89,20868443.56,13165106.2
2008/Out,3068430.44,1923886.57,8618318.83,1191770.32,24011712.48,1866748.58,4658414.01,16072219.28,11715943.38,27657898.74,10606465.07,12768727.85,30579747.51,9805242.71,4584068.7,41920011.46,85559789.46,12656039.16,46434912.38,179706467.0,57121887.41,31957603.59,53637713.13,9547923.55,9677093.95,20621423.04,15048607.23
2008/Nov,2825838.52,1756986.8,6555549.08,1056218.71,21526303.7,1426138.18,5252451.8,14016545.04,10369913.55,23572202.62,10742812.44,12305712.88,31049830.56,9483679.98,4096786.86,37524744.74,78329947.11,11456719.61,39907347.52,167990352.53,53117936.61,25115484.86,53699506.08,9450010.19,7150345.5,17094580.1,11343166.62
2008/Dez,2931173.58,2235639.98,7777645.88,1244339.25,23896804.99,1696614.53,5523443.7,15792303.93,10684587.12,33251315.89,10091048.76,13581860.46,36978451.28,9587276.26,4112620.16,44878936.74,86917741.55,13797101.01,50581613.99,191857317.83,63910909.46,30778152.01,58730379.58,8365709.79,10421826.32,21615561.61,14727561.06
2009/Jan,2885269.07,2497116.43,7403068.36,1085679.25,24613320.93,1665895.54,5791656.63,14782429.14,10448286.35,28809087.67,9571714.81,13493164.47,31009217.35,9118308.54,4087554.91,39955776.96,91374305.25,11872595.72,46203403.72,182797194.35,64523066.04,35330776.38,57629317.06,10033643.71,9939399.66,20678552.05,12448821.12
2009/Fev,2860103.74,2253558.01,6683346.89,969528.54,24015940.01,1719940.0,5814388.89,16842416.53,10617670.35,31631678.94,10699503.66,13482978.09,32989186.42,9492457.06,4066137.68,43111707.75,90153672.61,13159401.04,47094280.97,186855294.82,60783727.39,29003233.4,58779088.02,10746263.1,9332546.32,23043942.78,10378991.59
2009/Mar,3684944.68,2122673.92,9927781.2,1393226.7,26624310.1,1750321.77,6273994.59,16681626.41,11401299.72,36939120.91,11613016.25,14827006.61,35816570.57,11050019.89,5347746.85,49779947.78,95290591.54,14112825.59,50808893.61,212777859.48,65633573.31,34665661.11,63366430.89,10849523.03,11965500.15,23334312.45,13844384.56
2009/Abr,3607289.68,2834317.62,8844511.21,1273734.17,26478979.58,2052705.19,6762806.93,17735055.55,12428589.39,34179912.08,9515920.85,15397556.53,35969258.01,11833838.52,5864474.02,50014602.82,94091211.77,14441001.76,49188045.37,203186114.01,64759375.78,33835731.44,62200230.97,10902848.13,11185014.96,23508108.16,13014468.49
2009/Mai,3774356.6,2722065.97,9079035.96,1552638.5,26366401.19,1915803.55,6575718.57,17466345.31,13096561.66,36272200.59,12872004.45,16277442.59,38381369.46,11964555.99,6673113.2,48790551.8,99076844.1,15869485.76,54038727.15,217040531.7,65902215.41,35240482.92,61683824.68,11991649.26,12058150.55,23947606.91,15199322.19
2009/Jun,3706711.84,2432831.95,8832894.53,1490587.74,25440701.25,1787587.54,6423393.4,17459229.54,13372660.4,34514430.28,12353310.44,15879160.72,37147961.64,11469923.64,5608324.33,49132821.82,96189182.42,14289482.15,50720818.82,217195249.91,66280753.0,34559792.1,62495363.9,12050259.66,11635436.04,24369848.15,15839446.0
2009/Jul,3763187.55,2630190.65,9373395.97,1596751.8,28079331.88,1763665.03,6349231.85,18021648.34,13310452.49,33985745.09,12888827.03,15978811.22,37200037.82,11073104.51,5805868.8,51239968.87,102754354.58,14759638.93,55050238.31,220761157.51,69158603.32,37817434.39,64614271.83,12174950.98,11698836.48,24577126.64,14075642.84
2009/Ago,3533625.83,2307579.0,9578326.03,1848998.68,27588522.26,1746538.99,6490519.5,19332949.68,12168904.03,34682824.87,13075400.99,15590347.89,37050387.71,10717711.38,5751986.48,52458246.42,100080062.68,15682021.1,56202711.73,232536720.14,68256573.41,37259106.98,66457445.34,11178470.01,11823239.61,24372626.65,15070287.19
2009/Set,3605007.43,,9730634.16,1701611.25,27967969.22,2034329.78,6542918.14,19722895.51,12247027.29,34471579.06,13213817.6,16117680.24,37971068.17,11170853.09,6341601.06,53839068.59,96911075.38,15382323.46,52027721.77,220292973.66,65843824.73,37380382.93,66425009.36,11997775.92,10810420.65,25227845.74,14487053.32
2009/Out,3907032.72,2826477.02,9179252.65,1164711.18,28430631.19,1839723.26,6420058.63,19277852.57,11744946.02,34058130.68,13294634.31,15751691.59,39339518.15,11884312.16,5872206.67,51437189.65,97956440.66,15580269.47,52063748.46,221987951.33,66394412.26,35782563.69,65782428.73,11686533.15,12130636.06,24746686.9,14794759.93
2009/Nov,3939820.71,2170791.18,8314648.93,1434809.17,25432419.12,1882221.29,6149491.8,18634078.27,12196050.05,33861419.95,13153593.04,15927662.69,38448709.0,11491215.89,6417612.33,51511419.22,100726279.56,14614727.18,54304571.03,220117480.9,66395558.19,37345105.77,63714541.87,10756188.43,11574096.75,24628958.5,13970147.7
2009/Dez,3901084.11,2541526.44,9050439.39,1603817.28,26405862.2,1712948.71,6075178.19,19117914.42,13459523.06,32151569.45,13652544.87,15437528.74,36961718.24,11619807.05,5901811.49,49837755.53,95354390.87,13389707.31,49771259.0,209094405.4,67070814.17,33887220.81,64488493.88,10565385.71,10726251.53,25524615.37,12231919.68
2010/Jan,3684407.02,2491042.33,9419460.86,1437340.8,25841889.7,1849157.17,6411312.84,18906152.18,13377545.88,31949416.2,12942505.99,15667869.73,35052507.08,11867279.43,5891195.29,49529112.74,99017646.65,15195270.91,47245572.1,214565774.66,65492818.75,35965111.2,66304168.5,12148432.58,12364760.67,23352380.22,14152357.41
2010/Fev,3623015.58,1954473.9,8680178.57,1332094.01,26527192.33,1605246.04,6403262.51,17540838.45,12026087.81,33250426.39,12272024.78,14904848.47,32870997.66,10207108.49,5110036.54,47153215.38,91519360.96,14089292.07,50655914.79,203116173.19,62237724.45,30499828.8,61527419.52,11270972.8,11382133.07,23520045.07,12797956.47
2010/Mar,3890461.9,2389996.38,9168055.41,1900513.75,27433129.31,1525752.37,6698840.55,19741933.29,13110928.87,35653267.77,13763300.23,16216133.65,36490461.92,11653866.56,5573525.84,53611971.89,101602091.09,14860459.56,56116554.62,227248380.06,70702537.78,35106629.49,62490522.38,11947693.5,11947040.32,25369725.89,14766108.89
2010/Abr,4193533.87,2654878.6,9897901.8,1933875.49,25753868.16,1572809.36,6905354.41,19445208.55,13027827.92,35280277.67,13693244.07,16257606.55,39185802.19,13088703.56,7526762.19,54059176.28,102020854.18,14590678.01,52070900.49,231543598.66,70374693.61,38016215.79,66814413.4,11435565.54,12233217.84,24404417.42,14251503.37
2010/Mai,4534400.67,2844085.21,9651362.37,1773958.29,27515463.84,1653304.86,6864576.47,20174079.39,13209892.57,35760071.81,13975281.25,16337751.46,39388462.04,12218895.41,8000159.57,51822435.06,103346519.08,15551855.16,59396969.31,230188803.42,72058180.69,36075962.56,67900518.35,12392541.52,12656421.09,24987745.86,13992321.87
2010/Jun,4451208.03,2336207.19,10854599.47,1804729.73,26934203.47,1685303.78,6876811.94,20368446.35,12463347.78,35224241.72,12960918.44,16092332.67,38249606.84,11290459.2,5730613.66,48193723.43,102489257.42,15094272.62,56866124.2,226021072.14,71935547.82,36549557.8,64799726.75,12441459.98,11263407.74,24954391.09,13029712.13
2010/Jul,4874592.78,2125143.06,10417122.89,1846639.32,26668195.02,1773604.15,6732224.34,20361636.95,12218924.47,33677543.24,13077509.32,16902253.36,36955723.87,12842411.57,7086244.47,52055936.39,104427655.72,15891427.56,59807297.1,229662643.34,72371869.39,37410644.46,68518232.07,12025317.84,12795267.96,25711601.13,13731431.47
2010/Ago,4460802.38,2430293.67,8718347.13,1643518.23,26606749.81,1662522.64,7110923.0,20566710.4,12104581.53,36365864.28,14081550.96,16841142.04,40351864.49,12085466.59,7423825.48,55169480.09,104334532.58,15427295.84,60274646.13,234530618.12,74708055.69,39238540.97,68731297.03,12353546.78,12805173.87,27198788.35,14492891.9
2010/Set,5067886.24,2377738.44,8221592.12,1843163.29,27226660.53,1811346.65,6644145.62,19061901.55,11794304.49,34901701.12,13930180.98,15852904.31,37229907.82,12138067.36,6824254.36,51149469.04,102057421.34,16004656.88,56849693.5,233453453.42,72785908.9,38081890.14,66174969.16,12381792.58,12171713.91,26672124.45,13708967.72
2010/Out,4511092.85,2184746.84,9613977.03,1807885.17,27185706.84,1654294.56,6861920.56,20690798.08,11740569.52,32267756.89,13010354.42,15585573.68,40700808.63,11614892.98,6379269.17,52998868.51,102296496.62,16310380.44,56972506.41,221127119.42,72851750.47,38789877.44,66891309.48,12340247.31,11961452.83,24964871.71,13154297.48
2010/Nov,4394680.5,2468452.9,9927574.41,1674871.65,27019994.9,1958555.54,6553013.61,21028915.8,12372469.69,34415020.82,12796805.21,15383927.63,41625911.29,12115995.59,7250384.04,51110199.55,104624739.27,15484092.44,56226392.98,239790045.49,75595725.52,39827583.98,67456434.73,12467693.91,11777799.0,25671135.81,14017191.9
2010/Dez,4098741.8,2516284.54,9470661.21,1250999.28,26036033.25,1984579.56,6450647.82,19417889.95,11421766.77,33249126.78,13667927.81,15669807.38,39731003.01,11714057.19,5724769.61,49797380.31,106029536.34,16640338.44,55766722.97,236929144.68,74366096.98,38814557.5,67096302.52,12356930.32,11142684.27,25260713.05,13892860.69
2011/Jan,4411499.48,3051370.08,9736750.91,1257275.43,27913374.4,1928716.67,6695049.17,20078774.98,11954750.85,34083768.13,13356719.54,15091719.5,38314655.92,12011224.69,7159572.71,50762560.42,102848906.27,16133664.94,54468513.71,227533337.27,75110313.47,36415863.91,60754144.32,11209008.55,11709080.86,25171493.79,13685193.15
2011/Fev,3868617.95,2629104.42,8745259.8,1171045.72,26771060.28,1725458.5,6735950.07,20448952.89,11219584.72,34657124.63,13551289.9,15326392.08,38704974.94,11918819.26,5757338.71,49506095.15,103097090.32,15161413.45,54490908.51,231062206.94,72128616.95,36721508.61,58884339.85,9656677.02,11149107.81,26401745.02,12596227.92
2011/Mar,4298702.78,2485451.79,9380112.36,1389668.67,27060396.38,1703040.74,7285116.46,20679514.26,13070767.19,34921321.39,14108465.83,15906613.12,38270479.93,10780789.12,7038966.36,53676261.91,107148899.31,17382070.61,57189879.36,241947462.16,73759982.82,37996132.34,66205364.4,13698836.79,12381255.67,29060487.72,13776613.55
2011/Abr,5062171.26,2685361.47,10179342.29,1344865.94,27868879.78,1849254.15,7077600.27,21210956.43,13143485.15,35289057.05,13871428.09,15346420.06,43296812.53,12947105.72,6678909.21,56230829.44,109395956.79,16934270.53,57530534.48,236443416.78,76599030.33,38421644.32,61549863.09,12737864.7,12391024.3,28091235.29,16345138.08
2011/Mai,4769347.86,2723636.56,11061892.22,1067658.62,25307476.19,1877764.7,7276517.85,20711362.63,12889360.42,31312651.43,14155263.87,15530835.49,43379503.12,12951346.5,6444423.8,51277301.85,110963598.17,17758849.96,59415082.81,244464657.96,75660652.68,42835662.88,67005564.2,12738474.58,11574707.66,27756627.95,16087910.83
2011/Jun,4578105.6,2703465.22,10211426.03,1263672.05,28343034.68,1824413.77,7204515.82,20133585.72,12033508.93,34958166.98,14213672.9,14633766.02,42374590.03,12295219.31,5743888.41,52554007.19,108798032.84,17172311.8,57500360.18,234179405.3,77258175.98,41189032.41,72791411.49,12633049.75,11449818.18,26664943.44,13972734.93
2011/Jul,4477870.09,3136180.38,12123214.39,1332059.9,24565538.49,1958748.33,7111068.57,20093760.87,12727802.04,35600653.57,14705320.9,15698533.59,44089917.21,13134894.81,6838013.1,57665345.91,116882816.72,17380509.2,58719374.31,250900143.56,80842051.59,41758217.71,74300861.33,12559402.36,12067847.81,27544806.74,14892283.19
2011/Ago,5173453.51,2779056.81,9559769.1,1578802.72,25528460.74,1648820.2,6398846.69,20561354.0,12132453.19,34923503.02,13632520.7,15128556.76,44593739.9,12903741.77,7353107.85,55394871.04,115819574.8,18970124.29,57725444.31,245433156.23,80617519.85,41684481.18,67837463.86,12129099.22,9872567.6,28147924.49,13278491.41
2011/Set,5554791.51,2843787.04,10082882.91,1680654.08,28301294.35,2008607.15,6671885.21,20823782.57,12337823.57,34917942.75,15377328.88,15785458.75,42574100.91,12967407.41,6479016.81,55853815.24,113941917.09,17551488.15,55988073.56,245477472.67,75549674.67,40922878.17,70064414.36,14361439.67,12340511.27,28970133.86,13995426.7
2011/Out,4110177.87,2678333.12,9971934.86,1442744.11,27370964.61,1735371.53,6668674.99,21443192.85,12121361.96,37067583.72,14675957.26,15328867.04,46414565.03,13288222.37,7171748.35,55020722.47,112266703.41,17970035.3,57067173.47,244204324.99,77593673.0,43202127.53,70232362.93,10874502.14,12154858.01,27443813.46,15390923.5
2011/Nov,4428561.32,2995350.62,9280038.03,1650204.12,25880407.71,1765232.33,6818007.56,20624583.38,12139729.75,36176592.24,13417387.55,14986456.4,42332627.96,11999461.01,5929696.29,56426958.02,110320105.12,17364792.54,56007787.96,244074129.17,76544478.19,42472572.09,72554592.98,13069914.91,12738659.19,27361622.62,13086852.04
2011/Dez,3534337.12,2798961.1,11310448.23,1929960.01,26238490.03,1984622.25,7326766.19,21018995.06,12477915.21,36163224.49,15167852.35,15093025.15,41806199.96,15330868.88,6228992.25,52119762.31,110247403.77,17496329.94,58500361.63,242364979.83,77258303.28,39321146.15,64881879.75,13389627.18,11617956.36,26782158.86,13590252.81
2012/Jan,4015781.56,2477516.55,10352439.4,1454967.71,27326329.1,1731934.33,7349981.38,19910712.45,12619535.41,33904905.31,13512824.66,13674516.54,42366739.76,11258052.59,6656143.67,51471366.43,112999034.01,17222804.98,51490876.25,235839968.05,76039530.59,40492256.09,61611865.88,11336531.77,10194534.96,25857705.64,14944337.6
2012/Fev,4426788.59,2020664.45,10902583.74,1851381.93,26349845.26,1736602.27,6906666.5,20903047.82,11395160.86,34429527.0,12434127.23,13859126.01,40657147.53,11783526.18,6037494.41,51583789.94,105365898.59,16751995.85,51218829.7,230716054.24,72807882.01,37022044.67,65535901.82,10651807.08,11052531.8,27578209.83,14888269.73
2012/Mar,4873364.26,2891004.2,10336630.29,2033270.63,27351755.74,1877427.4,8295260.11,21470376.33,12737321.75,36060511.72,16107960.68,15038829.37,42356775.79,12618040.72,7259238.57,61114469.8,119320557.57,18471537.46,59050888.79,249733962.44,77076883.24,41483655.71,74336260.07,12180801.7,12697271.26,28903148.15,15085751.32
2012/Abr,4516103.32,2917189.18,9891098.07,2013566.74,26908659.29,1810215.83,7404533.57,23206397.57,12142250.28,36387903.45,14820836.97,14957359.9,46049107.38,11821517.67,7969461.13,56470860.17,111508097.76,18456884.51,55713082.39,240380166.02,76143545.1,39783026.17,67549395.98,12317346.21,12825836.44,27888374.86,15764896.19
2012/Mai,4619267.68,2856559.74,10955256.77,2135433.72,27046198.36,1934889.49,7394948.64,23485362.14,13129897.87,36728767.46,14616622.36,15594376.19,45870310.23,13074948.36,6895848.45,58956342.68,121916151.51,17628111.36,59308548.57,253235916.28,83336990.84,43805455.91,72179899.88,12443933.58,12437326.25,28508546.81,15623435.15
2012/Jun,5226741.11,2972526.32,10614256.72,1881388.84,26377422.89,1940127.06,7879916.82,22450749.87,12594498.58,37193350.35,13433671.61,14427177.03,47260740.98,13362934.23,7618788.42,57286133.46,118620976.9,18107658.11,60946256.26,241125908.14,80649521.02,44046279.27,76773475.06,13265423.5,13819568.73,27394379.04,15203425.01
2012/Jul,4756327.23,2642561.57,11280206.14,1700584.76,26363477.67,2065225.89,7270326.59,23435622.79,13128752.9,35902921.65,15759566.22,15484361.07,45917428.6,13065460.57,7232613.44,57579666.12,121071900.91,19023115.07,62570275.17,250433088.4,81927587.9,44667604.83,77774241.78,13279583.97,12861426.87,27650146.73,16732021.78
2012/Ago,4112530.56,3092964.63,10115473.76,1900737.72,20608795.0,1997713.0,7568211.84,21805434.82,13213409.87,36804484.15,15565943.97,15786852.82,46329282.68,12660246.7,7433346.82,58850187.01,122660876.69,18953444.62,62562491.19,259627680.85,84130063.75,47341536.84,76499514.26,13662778.57,13387145.16,27972257.24,15301810.45
2012/Set,4023514.11,2305053.9,10606064.15,1675603.38,26719283.05,2029073.53,7011488.83,21798310.07,13149787.65,36291974.12,14078641.23,16207805.08,45912255.55,12608997.56,6740007.46,55721890.1,119912767.26,19670500.59,57819515.13,246700090.17,78536950.5,43359745.8,69764912.17,14377772.86,13107046.91,27593380.91,13732745.93
2012/Out,3866138.34,3023732.28,10488989.62,1459814.93,26927163.2,2003492.09,6801718.91,21141382.25,12613748.1,34919726.64,14275735.7,14966724.85,45950600.84,12663868.38,6905144.37,59174699.98,121329100.35,18950349.09,60680111.32,250015664.22,83285621.69,45156146.64,64839999.61,12470857.74,12085215.68,28225393.95,14641131.3
2012/Nov,3543519.05,3077000.68,10042561.52,1606433.71,26243631.89,2086524.25,6216482.98,21023222.79,12916332.76,34136530.45,14363579.27,15587687.25,48136622.77,11078766.28,6544005.7,54834519.31,113629259.71,18894552.12,55508626.73,243228929.76,81594702.93,41573779.33,75459338.65,13313610.74,12762583.75,30257205.98,14302872.91
2012/Dez,3201183.18,2652599.99,8864038.68,1566723.97,27313748.48,1984701.05,6435055.37,19537791.98,10359313.84,33435320.11,13095433.44,14506296.46,45182474.26,12624097.09,5908122.76,50805585.16,114180460.13,18281712.15,52938007.54,227461193.24,76270832.45,39219651.32,63899563.55,13277404.7,12387721.52,28219065.48,13158172.4
2013/Jan,4072043.77,2629926.82,10739446.51,1560766.91,25716468.35,1873324.52,6437964.96,21450719.2,13902810.56,34359519.16,12885176.99,15680898.4,45918510.2,11618652.16,6301344.38,50918730.11,119841497.71,19224431.53,54498497.26,247848715.73,79500038.93,42289935.8,74162758.17,12946929.06,12315260.04,28347476.37,13730031.45
2013/Fev,4534984.7,3042756.88,9684212.55,1572959.06,27230611.92,1699031.94,7918351.2,21364133.12,12273154.58,35133251.78,12865116.04,14385685.07,46286498.91,12563171.21,7080123.24,48031764.26,112610685.52,19035509.92,54241542.9,241953732.9,75028184.23,40639211.68,71198611.75,13608114.3,12145406.21,28863363.94,16998661.27
2013/Mar,5229512.34,2938961.84,10130504.54,1872493.39,27800745.33,1772098.19,7745929.88,22461901.45,13518766.19,37546233.35,14439496.3,16321921.55,49976492.24,13387565.87,8271668.02,54689483.04,121483683.65,20294734.35,58103343.77,247865862.02,80703730.0,43594853.16,82497795.06,13164501.21,13140456.3,29219827.84,16775306.73
2013/Abr,5660083.57,3078191.21,11391815.28,1849434.84,28157962.06,2052260.55,7603624.9,23228749.74,14171819.16,41295702.27,16240102.74,16872009.72,51868968.3,14244351.49,8462593.98,60346839.48,124223697.86,19595507.02,58179861.28,266015472.79,87106955.67,48625178.22,83507655.35,12609170.8,12884862.96,33852630.83,15671887.83
2013/Mai,5681210.93,2690955.41,10568514.3,1906244.7,28931084.84,2105954.3,7985256.31,25240524.07,14837895.8,40939009.64,16312407.86,17300529.52,55177829.24,14640837.09,7741746.7,62215989.21,127149290.72,20265267.4,62951717.89,270783169.81,87399406.72,48118188.7,86819702.56,14260317.31,12872983.73,33590436.0,17115118.36
2013/Jun,5076918.42,2484380.9,11145486.18,2046527.4,30073494.18,2312795.29,8309699.73,24358828.55,14391407.33,37839667.55,17005336.63,16599314.18,54078037.35,13627929.53,6154093.13,59468051.13,126778002.58,19658552.7,59378002.02,259417406.52,86697435.96,47911889.44,76192049.15,14093759.27,14087582.76,31125044.03,14702150.22
2013/Jul,5623854.81,2695489.86,10698375.56,2230115.06,29200573.47,2167442.71,6975424.96,24958955.03,15475406.15,42270617.66,15550082.29,16726432.62,55057140.1,15834288.76,8083772.83,65904256.49,133371287.56,20401161.29,64397115.39,268765294.72,87769698.09,50571448.43,86985566.29,15857368.44,12649797.8,32961849.49,16691669.0
2013/Ago,5928359.34,2858632.12,11873036.73,1987863.23,27861583.35,2087176.35,7450740.84,24967531.41,14563444.64,40582966.62,16128609.19,16484782.86,56986957.3,14375114.59,7267573.2,64805007.17,131609929.58,19998670.93,63688998.65,279842025.94,88057167.22,48955584.63,87188268.32,14902081.06,14132727.09,32744899.52,17236499.61
2013/Set,6019754.08,2747845.31,11047897.23,1692032.87,28490038.6,2017311.99,7079191.03,25163721.77,13313035.17,43854435.74,16663333.82,17135693.88,57164851.07,14858651.8,6949523.59,62744830.56,128782017.6,20451848.8,62549624.21,272324278.88,90365634.46,50829444.52,79988575.09,14293864.54,13040443.4,32463384.15,15107266.26
2013/Out,6050368.46,2787096.33,11291971.45,1749131.23,28389416.65,1966476.53,7954081.13,25079061.93,13699020.82,43085302.61,16560472.11,16816763.07,59698786.84,16091499.26,6678771.08,65845122.34,135027742.21,20131302.49,61105229.32,278881855.29,88122492.89,51491068.29,82136136.71,15002648.55,12555232.29,31059400.38,14854365.16
2013/Nov,6422821.25,2833968.0,10409535.59,1623751.92,28630467.92,2067127.94,6804464.16,24644011.47,13475082.18,41208497.92,15772283.74,15698764.75,53073903.75,13908428.3,6586368.06,59141216.79,130065097.45,20389116.78,60723561.83,256752830.37,87591159.75,51684328.02,79836366.3,13966637.66,13696927.61,33423742.17,14958687.9
2013/Dez,6172605.14,2817689.19,10075788.88,1449573.4,30205302.72,1980437.55,6860885.77,24811898.9,12203866.56,39790795.23,14467193.79,16166997.73,59825272.68,14841404.05,6439479.68,58290022.86,127030340.34,19058737.26,58602336.51,246881134.19,82588891.73,48372507.22,80089789.32,13671203.55,13233705.01,31214051.41,13017400.37
2014/Jan,5773335.5,3401042.72,10854399.27,1799254.33,26976831.19,1930990.93,7450518.49,25074797.96,13925397.46,43974395.97,13929217.24,16154064.4,53574898.27,13609870.68,6477148.65,63767811.64,136493783.76,19749178.48,58579495.92,265709306.06,83584617.32,47993678.86,78857234.6,14178988.87,12201791.59,31924189.81,15090216.44
2014/Fev,6229461.54,2727314.78,8530242.21,1673138.65,27636018.25,1873469.06,7543839.51,23578706.77,12972098.71,40184793.47,15175887.55,15621266.78,54289579.09,12422025.11,6945872.51,59915191.91,129567056.45,19147207.72,60080402.85,255681908.92,85435762.12,47288897.03,78537008.46,14712594.52,12981386.14,30615412.46,14616475.96
2014/Mar,6536336.12,2876282.12,9541806.56,1707514.82,28440495.48,1805952.31,7386177.85,24379180.43,13751165.19,40342501.47,15826709.05,14820967.48,53296924.53,12478218.37,6836562.27,59681681.98,134327948.58,19151706.66,57850576.52,259597103.91,83641160.75,49012952.27,79394208.9,14301089.67,13290421.35,30729287.2,15221939.61
2014/Abr,6611751.56,2997785.18,8926365.37,1509667.7,28229650.98,1992130.63,7106540.44,24561919.83,13912536.25,40563143.01,15179728.26,17230194.63,57133438.18,13312077.86,6787461.29,60920671.82,128639295.94,19881203.54,62325535.05,266474985.23,85205955.97,48053559.67,83278724.35,13935980.51,14139198.01,32789081.22,13473947.21
2014/Mai,7122614.34,3048049.52,11573335.4,1746450.27,28722845.27,2274212.55,7226788.09,24500997.6,14205768.41,44720573.47,17609022.0,15961997.56,60494904.81,13872465.48,7155130.38,61351092.4,150031401.1,22294881.78,65792128.61,278068997.58,90028735.19,51823540.54,84494278.65,14947928.02,13625461.23,34129465.73,16957865.71
2014/Jun,7207965.81,2842110.36,10115769.72,1568152.88,30356126.43,1635034.56,7008936.76,26362567.92,13579613.82,41205987.7,16326083.16,16137548.05,58518383.0,13025539.55,7343528.74,60026773.48,136128076.87,21299915.99,61276603.47,271417662.79,87870952.45,52051111.63,85828392.41,14031496.4,13885729.63,32395305.79,16172537.49
2014/Jul,6725041.04,3186712.81,9843473.49,1763225.69,28147550.89,2240376.26,7123445.53,25424053.1,13046445.88,46219584.77,17620406.31,16199002.92,60625402.78,14188201.78,7230138.87,65897253.07,143612291.68,22526747.71,68295078.12,290420948.86,90698407.25,54238795.01,90610814.11,14515549.98,14604900.36,34486077.69,16980186.15
2014/Ago,7220209.27,3061644.48,9940875.63,1808929.95,27946764.08,2128269.35,8010542.13,26273438.74,14592991.93,43074266.62,16897213.5,16547389.24,60468979.19,14451144.57,6362749.71,66456740.35,141144140.7,21969999.69,69883172.98,291009942.02,93643329.76,58563755.12,90068464.13,15589135.54,14816179.13,34263783.33,18002789.25
2014/Set,6814650.05,3008496.43,11022062.33,1633205.33,28959611.93,1931324.11,7947217.21,26724276.68,14776732.77,44841468.62,15659936.29,16494346.2,63211650.92,13709145.08,7504906.4,67963557.89,140835377.94,21982043.34,68072842.2,278611485.21,93539983.04,57996386.57,89050051.67,14778200.02,14011573.31,33627178.19,15337916.23
2014/Out,5931824.36,3162186.27,10881666.13,1626604.96,30101037.11,1963927.38,8058333.55,25224307.37,13960878.05,41344333.25,17260602.08,16266620.26,62183620.21,14464302.8,7425864.9,67904878.33,143611717.16,22883793.84,69180379.79,279890804.12,93513605.52,55718596.57,94005898.04,14569813.14,13164383.84,37301012.99,15159510.18
2014/Nov,6179626.72,3185054.44,10596831.32,1784288.11,28718375.83,1791744.72,7498623.81,25527490.63,13463269.3,41348809.15,17190447.61,15710026.42,62888953.97,14537796.19,7171541.46,62281320.06,142982819.59,21793404.47,64122033.95,268999975.41,90920897.47,52622351.52,87733471.2,14350887.34,14562218.15,34133359.61,14575006.32
2014/Dez,6743020.43,2542641.25,10073869.11,1137519.58,28616330.52,1786830.89,6075309.6,24173557.53,12615568.41,42357514.72,14552349.94,17326679.55,56841236.06,13514366.94,6708175.23,61537833.98,131466757.03,20417854.69,60517923.03,262125680.41,85093676.96,50644413.58,84122185.75,14176127.3,13413465.25,34549582.84,13315735.02
2015/Jan,7278090.89,3375217.14,11653868.55,1782510.89,28542136.5,1609767.42,7017704.11,23007366.0,13358738.91,41338903.46,16415949.23,15795012.65,57234817.11,14106631.62,7532979.25,63402850.9,135056583.03,20117941.26,62439111.76,269018430.46,86815580.94,51654807.12,85079714.14,14477250.54,13106628.97,33440841.45,12644597.01
2015/Fev,6619352.84,3024505.16,12074530.23,2242719.18,28618366.52,1441043.63,6607349.96,24593179.79,13785632.94,39202385.23,14663101.33,14480740.53,55735690.3,14275439.26,6755440.98,57533415.71,133803975.56,20664919.35,63737825.01,253476434.09,84176293.14,49243372.32,82133570.24,15581963.71,13769115.33,31986974.73,12040195.19
2015/Mar,7131263.61,3102975.42,11599144.27,1827444.5,29168223.09,1702493.39,6598637.99,25983153.2,14584722.64,43321011.48,17349308.93,16053726.73,58796396.86,14668358.96,7478153.76,65862065.38,138617701.25,22382068.17,67666582.0,278016320.66,91071048.29,50778038.59,88517055.03,16405826.87,14166909.47,37406713.51,15563562.72
2015/Abr,6945021.28,3080946.8,12592492.33,2256510.91,30174783.94,1837470.82,7197312.63,25551983.98,14322942.19,43669409.97,16485688.09,15962948.78,59850086.94,14271782.14,8097711.61,61002105.89,140005981.33,21407331.21,68284851.49,274325335.52,90305345.86,53032690.6,91301452.5,14378228.39,14411435.71,36037996.49,16112136.23
2015/Mai,7868953.2,3065970.28,12785467.37,1859541.42,29979937.84,1901951.16,6163740.83,27394126.13,15013200.79,44139477.01,17479885.81,15768417.41,62803941.06,15688044.36,8308576.63,64941469.92,144748910.83,22264266.78,68751291.66,279334056.66,92363932.23,52438940.12,89895415.64,16953490.49,14599062.75,35411348.7,15582635.39
2015/Jun,7546597.11,3179076.68,13414600.97,1550643.78,29322659.71,2048564.82,7275370.04,26762772.42,14454832.59,45122415.42,18357814.68,16774733.11,64067286.88,14905770.86,7828944.9,64000633.85,144903538.07,22284122.22,68009071.62,279844623.28,93872517.26,55880868.36,92114331.88,16142201.57,15156818.1,35037055.28,15527125.83
2015/Jul,8738484.55,2849011.25,14294033.22,1968388.99,30471017.89,1905641.81,6987921.76,27211673.48,14398152.47,45763263.53,19032121.05,16553311.93,60739524.74,15992067.88,8877007.24,66956753.66,144893205.49,25025991.97,74284468.07,285370920.13,95718229.92,58530304.5,94943320.81,15744546.46,15407207.37,35106632.53,16340464.89
2015/Ago,6756554.76,3238448.07,12546727.34,2613984.17,31563922.22,1833930.69,6243320.96,26732789.79,15150229.33,45838906.81,19083408.79,16708149.42,62409022.55,15416076.33,9129892.18,70145059.1,138309905.27,23401404.52,68985578.96,283869182.0,98916070.85,56690587.83,95063921.01,15744530.43,14798954.73,34847805.4,15410729.64
2015/Set,7443631.94,3279779.27,12996512.49,2342709.66,29964621.66,2104874.14,5831094.19,26929089.25,14256213.2,45536932.02,18625256.39,16811722.12,59808747.4,15489051.96,8692417.03,70375191.33,144319825.8,20833822.54,69994977.82,278323247.75,95128845.06,57889887.42,89867247.7,16350747.05,15115492.63,35124339.71,15596456.16
2015/Out,6964209.53,3010495.38,13035233.22,2186291.71,29189794.43,1983042.85,6271670.32,26298140.28,15714147.3,44074999.72,19305508.93,16405613.74,57510985.6,14800526.97,8771323.27,70212728.6,137803335.4,23424337.52,70135244.0,272986136.83,96186825.16,55737338.22,91025690.47,15201350.63,14543665.17,34872130.96,12688880.22
2015/Nov,6310062.08,3054205.54,12949248.84,2046678.01,29285733.64,1871083.38,6464273.87,25549080.29,15084901.43,46985437.04,18323482.81,14229559.3,62049537.57,13793847.62,8052546.55,69467563.02,136740757.97,23991085.58,67375667.22,261805996.29,96160859.0,53674531.44,92841633.81,14596998.67,14619045.99,37247032.35,15291317.52
2015/Dez,6561221.77,3001387.94,11336880.23,1879063.44,27695852.89,1813281.56,5569115.04,25527661.43,14733472.07,42069845.68,15732212.02,14090969.82,55997430.18,14354103.69,7141336.77,61697271.1,135735883.04,21437787.54,65073606.21,268851109.12,96048736.4,54165006.62,83952187.7,14838491.41,14220952.14,33761371.02,14725799.59
2016/Jan,7735224.22,3049208.63,10920318.02,1768010.64,27606572.27,1714795.55,5452646.99,26264050.26,15571565.11,42137536.29,17598037.43,13322414.1,58824239.37,14327679.14,7920697.54,64491582.81,133990193.49,23779563.66,65228967.96,257988814.37,93783253.43,51122044.59,80130314.8,16245064.73,14767201.36,32681231.32,14615505.46
2016/Fev,7995955.06,3351792.42,11918470.84,1761873.12,29569770.87,1569543.74,7002099.24,24711983.48,14363504.72,42612272.89,15944153.28,17075239.87,57383866.85,14293807.39,7364587.54,61030296.44,129427381.01,22790048.27,63377219.74,261132865.95,93084827.52,51193907.71,84811068.12,15790962.76,13712298.88,33686063.72,13618348.62
2016/Mar,7189165.44,3118339.3,13023926.19,1975897.2,28560310.47,1668555.78,7526781.9,25658079.48,15880991.44,41705286.12,18561852.94,16340636.71,60654457.3,14554654.23,8458296.32,67596522.73,141285627.04,23715873.33,68530109.14,276567893.05,100050041.15,53003389.12,86491623.15,16038560.1,15442590.16,36509450.01,17170356.14
2016/Abr,7956812.12,3378121.43,12155273.1,2631309.15,30014919.19,1753839.47,6714887.59,26215740.88,15892745.74,44750003.28,18551249.81,16301872.15,59813025.14,13999759.98,9075164.55,68946797.31,135370676.14,24827565.42,65491071.88,273412228.88,98382855.34,55051999.99,84052305.72,15782658.52,15108919.3,34722699.39,17429303.96
2016/Mai,7551313.49,3168503.68,13519252.14,2405520.72,29516894.49,1897437.54,6775391.7,26625097.16,15943858.05,45625574.8,19174194.34,16774465.25,62706675.5,14724606.19,9427424.7,69703669.34,139139544.95,24109597.33,64788535.97,276006348.57,104543901.52,58462423.06,87840141.72,15833939.83,15651536.52,33438193.46,18419489.0
2016/Jun,7930610.83,3916151.76,13076793.34,2487164.76,30774513.14,2003945.53,6237057.69,26868870.97,16258706.62,47254860.59,19665455.57,16795120.27,62318151.51,15443908.31,8294758.44,67427693.07,145843989.35,25658817.37,64647322.21,288616077.72,103377082.72,57758960.8,88088367.62,15634796.95,15809574.22,36011750.29,18261439.85
2016/Jul,8133705.36,3837020.05,12605307.29,3104153.09,29981379.23,2094138.46,6757143.54,27245242.67,16465969.2,45694578.24,18710632.25,15836692.0,63996670.41,15573956.75,10003202.01,70499941.2,141622724.9,25169057.16,68974994.76,289939692.7,108340437.09,56650625.57,92470925.2,16131310.92,15578808.89,32794483.12,15957484.01
2016/Ago,8150486.59,3659074.22,13670157.49,2717341.67,30099178.67,1949259.95,6766501.09,26354933.71,16228607.43,48499950.85,16407464.11,17335283.11,63766089.53,15475529.1,16003933.99,71275142.55,142810729.59,26725024.24,68889555.91,285504373.5,106455448.92,59500073.33,94272573.31,16658359.76,15684802.91,37294503.4,18859728.02
2016/Set,8022627.09,3540035.67,13659651.19,2667842.22,30831386.91,1880541.13,6343847.41,25975872.16,15549846.19,47371013.95,13341159.56,16612200.96,62864173.51,15561671.96,5751946.44,72316907.37,138557655.19,25338983.15,65722866.9,280625651.53,107336203.74,57825717.51,77466039.1,16115694.41,15561519.2,34824730.59,14617687.82
2016/Out,7280387.24,3184932.0,11115915.16,2756299.47,31994665.39,1751634.91,5564377.89,25534733.58,15736373.68,46087169.6,18596119.7,15902954.28,62218424.19,14764824.13,6199962.79,70322056.89,132905509.36,24619233.74,64254090.02,271080917.37,104805099.88,57782700.4,96934581.89,15532297.35,15505564.73,32901169.3,15938065.89
2016/Nov,7047166.57,3019223.73,10975042.21,2478590.27,29052732.84,1779290.66,6647651.04,25483933.05,15391534.31,44416697.03,17338919.64,15304390.51,57815722.37,14669628.67,6644582.06,63620328.18,133811593.1,24316581.95,63295431.25,270459042.05,102244280.05,54981230.42,86678131.26,15444859.93,15319349.26,32290017.8,17795635.56
2016/Dez,6961884.87,3264746.69,11172130.72,2379805.56,29146575.51,1853989.34,6245735.72,20546508.53,15393789.12,43959411.65,18965204.65,15163126.53,60832058.72,14192533.17,7118708.08,62906303.19,143174363.93,25928484.84,67082136.55,273722267.98,102217981.44,50520420.22,87399566.81,15768541.9,13805916.37,33456689.43,17955606.46
2017/Jan,7820057.09,2821087.89,12819877.21,2331250.21,30754370.21,1875579.06,6041173.17,26153825.19,15107868.39,41682796.39,17531025.7,15753142.07,61543259.12,15129171.85,7720209.82,64397235.43,139000446.94,25007676.62,62062074.3,265667602.28,101336658.86,56881263.74,81109569.27,16010162.9,14035537.59,32130522.23,17727684.85
2017/Fev,6801952.61,3361575.8,10999828.34,2328221.91,30351043.39,1799370.1,6185379.91,25915583.5,14790246.86,42896779.59,15915347.17,15083831.63,58530231.23,15038456.12,7541775.26,64634686.08,131306326.84,24191191.04,63262857.88,253804030.03,100907457.85,49307356.23,73212030.39,14833749.68,14149756.35,32012206.14,17813104.88
2017/Mar,7825186.4,3080444.99,14050412.75,2524744.05,31280430.65,1665356.48,7066456.44,27895091.69,15341220.32,46482524.94,18088553.83,17333812.39,66011432.62,16130532.16,7749421.92,68690380.93,145820665.37,25308292.4,70614050.49,284405443.35,108922320.46,57799235.23,84033985.11,17139379.75,14898417.06,34551884.35,18510105.96
2017/Abr,8706448.06,2792505.42,12450515.95,2637579.82,32051882.54,1702593.7,5722291.45,26808643.39,15269541.96,43165850.62,18346126.95,16955476.06,62888623.19,15743174.63,7767046.51,65626958.5,135720879.19,25031483.52,66831641.3,267260974.12,108702876.03,53445103.28,83238680.79,14983940.4,15584480.77,36415181.79,16996973.92
2017/Mai,7700730.62,3268651.85,14585552.51,2510634.79,30507852.39,1897787.14,7017035.58,28064440.72,16099564.15,46984022.33,19111034.24,17614909.3,70257954.75,16086575.66,9047436.87,70176833.67,147516450.71,26638696.23,74203708.15,296851092.99,111362259.15,60332325.13,94756267.63,16984929.81,16651188.35,36185213.95,15586295.88
2017/Jun,7948291.63,2397512.85,12789637.85,2755620.24,32202265.99,2050824.29,6392708.38,27699191.35,16030487.08,46412837.02,17755044.87,16903390.86,69573373.69,16042875.36,8441039.71,72870964.12,143284103.88,27029630.04,72248657.15,270596412.47,110695749.67,58396222.86,89585823.81,15676843.15,15509614.84,35061574.61,14832061.1
2017/Jul,8438077.45,2348760.0,14376990.41,2878177.6,32771002.63,1881406.55,5837072.54,29321581.7,15389371.73,46353321.61,19054889.16,17436413.89,69762828.96,16846127.29,8291702.97,63845395.83,146849636.29,26530798.94,75302602.85,297881361.74,116359245.54,57247011.5,96174533.7,16956118.78,16372281.19,34374096.65,15143253.69
2017/Ago,7656644.83,3139155.41,14240071.26,2921978.36,32204013.38,1940174.73,6608301.6,28974267.39,16008485.48,47766332.04,19795966.53,18419340.61,68099323.25,16928567.14,9552486.43,63756542.98,152645703.34,25867248.28,77717421.67,297309345.9,117872309.11,60460918.42,92176170.61,17043069.32,16231682.7,35314254.06,16830062.39
2017/Set,8047742.98,2765062.92,13594647.25,2794080.79,34983747.88,1923150.03,6155701.19,28210786.25,15958946.19,47342510.36,18795259.74,18644534.22,67999680.35,15886458.95,8870825.75,72195775.69,144488574.05,25262466.33,72622372.14,280813753.04,111878379.52,56263507.69,94228360.83,17477126.81,16044219.39,35452231.8,18437945.84
2017/Out,8657206.23,4540084.78,14584288.95,2512259.5,34138970.65,2036787.91,5104089.76,28352324.75,15596652.45,48964370.84,18444347.9,18532729.35,66978897.02,16596937.09,9178431.79,78409447.23,143939472.31,26309234.34,74953056.26,285740593.74,115332028.47,56883543.13,90655015.78,15488155.75,16146542.89,34270824.0,18041562.15
2017/Nov,8150893.68,4120228.96,13158724.61,2508514.18,33280643.37,1876731.42,5441162.74,26858367.06,14963370.52,47756590.17,17298003.5,18248446.2,64734221.71,15508260.93,7967802.82,71987968.64,145123339.34,26485310.14,72548265.05,280768835.63,114669021.47,55604043.98,91242720.7,16596703.72,15487676.02,34456384.52,18203173.03
2017/Dez,7507845.13,2610454.55,13169660.32,2635287.45,34426413.15,1716855.56,5200789.02,29435501.73,16048864.85,45509439.96,18311840.01,17956094.16,65819921.92,15903174.01,7678925.8,64648373.69,142848565.53,25493804.7,71176514.15,280080500.1,115173908.32,54055792.1,82934746.93,15353997.67,14770731.99,34331316.98,17028868.46
2018/Jan,7998345.94,3576595.19,13572263.03,2914195.21,31591185.32,1836149.63,5341353.03,28524888.88,15727504.93,48012434.52,19130570.55,16968876.36,64529749.62,16127151.16,8077634.45,68048653.42,143158486.97,26870384.24,72530675.81,279203782.81,118799559.86,53712418.95,88817066.36,16320629.25,17253950.09,32756500.63,17127571.95
2018/Fev,8893683.69,2444567.37,13083081.7,2881281.13,31378879.0,1954823.32,5361684.48,26351836.62,15541518.92,45500460.48,17631343.47,17091922.12,59258351.04,16062136.29,7374349.7,64475039.37,136705143.41,24762482.38,70910964.45,269524844.81,110307818.83,51298668.32,80572288.45,18448053.83,14789801.16,29752825.71,18222787.66
2018/Mar,8867793.32,2602434.35,14322305.22,2740423.51,32909877.51,1882553.32,5913061.01,30050918.58,16408257.61,48132921.0,19842834.93,17680495.15,67792662.95,15913321.52,8375279.36,67301935.64,149829968.56,23992070.32,75601732.47,286775733.92,116630188.99,58770698.1,87419899.25,16620321.36,17498946.87,35353238.97,20340897.78
2018/Abr,8871408.5,3064163.42,14643340.51,2695484.62,35053278.8,1781034.49,4617378.68,31077432.22,16455257.04,48061986.29,20774806.62,18379177.97,66491472.88,16901210.99,9020646.6,70138190.99,149894503.75,25580754.91,75998173.43,289711791.16,120061032.48,60288827.83,89396935.52,16682027.02,16279852.74,33126994.54,20522181.19
2018/Mai,8501601.67,2276236.69,14632208.09,2613895.43,33973133.85,1821567.42,4662238.24,29485732.67,16646954.86,48954862.1,20789038.18,18568272.05,71014021.26,17026428.59,9710691.4,72015638.15,151546897.83,27047091.49,78033245.14,293104281.74,121360733.68,60659252.2,88148251.61,17555832.83,16103988.77,33321916.56,20343407.23
2018/Jun,8315107.81,3239474.1,14500521.14,3020718.84,35560757.57,2120412.72,5664149.36,29359484.98,16330507.19,47404127.98,20137699.72,18934577.55,68679138.11,16339905.36,8025780.5,68213323.07,151514201.61,24431385.84,77683410.8,287922148.67,122174618.88,62213666.2,90754504.49,17357780.2,15883977.51,35536937.3,21542121.59
2018/Jul,8525499.78,3126429.88,14840533.42,2860584.22,33465172.06,1910968.09,5328909.25,29441181.87,16393717.19,49250389.91,21652391.73,19279685.95,70741826.35,17908975.59,9766114.15,73412542.78,156680218.93,25130378.43,83733892.75,291524922.05,124610255.04,61278050.72,89093690.14,17090876.79,17163673.03,35009953.87,22301468.16
2018/Ago,9177611.46,2998865.51,14427620.91,2740088.01,35497371.12,2453555.4,5473666.63,30255833.42,17055960.69,50528833.27,21629797.35,19011606.67,70554341.99,16793811.48,10198444.73,74505873.73,154281495.01,26009340.5,80453782.86,298702204.56,127874482.35,62730906.87,94010888.97,16468255.95,15569285.17,33899286.36,23318726.05
2018/Set,7368996.38,2619709.86,15818964.25,2689103.41,34896020.28,2652283.29,5152490.73,29645428.53,16152452.68,46519835.66,20189873.01,18070790.31,66806054.81,18119580.37,9121714.7,71525882.45,153867888.29,24685731.9,77382979.88,282739086.76,123933024.51,61636890.45,93664724.68,17395858.5,15630276.46,33936535.21,20307075.79
2018/Out,8835095.43,3018048.94,16358462.57,2985029.23,37385364.64,2637161.32,5272355.92,29310709.37,16305480.04,48461986.08,21332372.73,18497122.25,67067611.96,17126145.58,10097590.01,74899242.26,151228318.67,26243877.36,79404597.67,295671659.07,125316844.05,63327187.97,90025945.36,16259261.13,15838064.68,34482719.13,18600258.14
2018/Nov,8328186.64,3342614.24,15391163.74,2771881.2,34294171.03,2139141.93,4873715.59,28462327.93,15869156.06,47851900.31,20581258.13,18359742.42,64375684.1,16925355.78,9139082.28,73898802.66,144867656.44,24170075.47,75075912.42,283947815.42,125317336.68,59766664.18,93081292.31,16390075.24,14815961.13,33695646.06,16518323.98
2018/Dez,8408512.77,2123426.26,14154362.85,2938769.32,34168505.29,2654304.54,5321091.08,29606231.79,17047311.75,45277060.12,17227874.04,17425267.96,63347814.94,15765092.87,8405178.91,67083996.92,146715346.61,24502056.39,71286431.83,283179040.8,117528767.93,55708713.29,89050712.34,15350893.92,13853034.99,36347762.27,13970506.6
2019/Jan,9351705.82,2664654.52,16791397.31,2527888.58,33849909.8,2549805.6,5791079.68,30641772.18,15882517.83,49469464.64,22503704.7,18701777.09,66767187.21,15858616.49,9870763.46,69943903.44,154066649.81,25005409.89,80140801.94,298180056.65,122460918.04,58896965.31,89664703.23,17108719.02,14229113.36,35162665.51,20192152.35
2019/Fev,8143007.97,1906429.95,14369987.43,2587642.41,32871717.66,2294126.19,5881439.69,27369051.19,15433452.88,47565552.04,20181547.44,18280230.48,63012036.07,17064476.64,9577713.59,63037987.2,147968852.8,24433360.41,73535570.78,279427204.24,119836506.38,57420491.79,89259306.5,17713810.57,15288698.79,33658226.73,18496333.16
2019/Mar,8949741.77,3096439.63,16339024.96,1923440.17,33130995.71,2511041.32,6593258.41,30399681.09,16189802.79,48209418.3,23086510.42,19178379.93,65485622.52,17027823.71,9745805.83,70631313.03,153459790.69,24489441.43,76151310.63,288819396.39,123286810.02,58250110.95,85585754.75,16882690.96,16045499.92,36733253.84,22191795.7
2019/Abr,9630553.15,2411628.0,15622910.63,2422446.17,36044319.4,2746817.21,6684401.5,30406171.44,17051416.58,49676998.37,21820682.35,18839657.83,65026872.36,16458514.97,10183910.27,75656871.01,156777495.4,23966073.21,75853453.4,297834670.24,120177202.18,61028085.6,95152786.47,18253870.27,15890208.95,36260374.54,18562231.92
2019/Mai,9581970.31,2840630.58,16483166.92,2495491.03,35906526.59,2648904.75,7143806.13,31437580.62,17792232.0,52622124.54,23588813.89,21061830.25,71675203.64,17039962.66,11014405.78,74930902.09,162963014.15,27678894.71,86637168.69,303889049.22,126481772.97,64937709.4,94163838.23,17778458.45,16092716.67,38159986.89,20360779.48
2019/Jun,7891114.05,3260153.59,15422243.28,2851291.67,35242306.77,2117098.07,6136528.26,30094232.34,17263004.56,50899685.24,21530220.97,19447508.7,68052177.03,17802731.5,9397452.52,72311955.53,154830086.49,26257287.18,80125747.75,293587709.5,125528571.51,63504945.54,92237333.46,18387822.48,16699780.69,37236918.46,20187082.38
2019/Jul,9792370.67,3250722.84,15961988.04,3137537.4,29460144.72,2388704.49,7118118.28,30724404.59,17460423.29,52995900.8,22229779.85,19665224.24,71002753.56,18399929.39,9931458.04,78145958.78,166207471.07,29321032.62,89924590.66,305033842.8,125978907.59,66591656.76,102298314.76,19870933.2,16314811.22,37769227.09,22216154.63
2019/Ago,9170787.53,3204998.88,15787896.78,3788154.8,31179893.86,2905190.27,7607639.98,31712464.35,18086949.2,52448675.67,23120838.46,20397259.96,70105175.96,16915520.06,9628184.03,79465336.35,164287071.7,28080023.93,85720860.09,313868712.55,126174536.45,68439538.79,100260145.3,18913862.69,16763581.32,37979735.24,23309181.24
2019/Set,8816846.71,3052745.65,16515441.67,3217218.61,34175218.8,2145557.83,8498162.91,30923188.4,17769414.47,51139884.41,22455827.1,19639745.97,69751772.0,16913798.57,10011078.87,75612489.42,156567882.88,27494948.06,82971188.3,298547868.27,126966338.94,67131286.74,95917106.56,19591383.84,15608982.84,37470767.39,17870194.68
2019/Out,10024554.15,3124802.29,15788848.91,3113940.14,36122298.83,2455947.45,7181834.26,32025892.76,18500751.19,51554343.17,22263163.66,19326032.3,73233805.15,17740071.36,10464026.39,75333078.55,165120780.19,28981301.17,86392490.58,310847061.0,131587683.74,67946962.52,102331615.05,18935437.09,15855641.23,37337272.34,17859596.85
2019/Nov,9675423.7,3021521.75,15784686.14,3157977.67,36874442.23,2310514.38,6467132.92,31013878.74,17748312.51,50519641.21,22922628.16,19450907.04,69916288.52,16610757.56,9199453.13,73597019.2,153006371.54,26652123.01,80843671.61,292851698.72,127099316.24,62694674.96,93971904.79,17230688.81,15823328.54,35734855.79,19851940.18
2019/Dez,8085025.66,2874871.28,14388606.82,3097113.21,35947766.42,2296699.42,7210731.09,29659493.42,17641837.23,50835606.88,20949027.15,18246437.76,65707740.38,16954486.35,8463411.72,71008578.9,153901643.72,27587727.37,78579849.3,284749770.52,117905826.73,62400948.72,90775418.13,17895244.76,15032737.51,34879373.7,18769437.77
2020/Jan,9222010.6,3331803.55,16063450.73,3059823.8,34365985.58,2333822.65,8098081.5,30324868.5,16229473.38,50630584.39,23101224.38,17227838.0,70161441.76,16913209.84,9691241.43,72991644.23,159280453.89,28057063.29,83186258.72,304511719.34,122357489.56,60255326.83,94908336.74,18115134.64,15259436.5,35794874.64,22341629.09
2020/Fev,7493901.3,3417691.07,14939977.2,2912519.98,37417579.86,2310195.65,7024599.22,30018188.06,16851334.11,50725074.22,21644473.35,17591547.33,64822616.22,15857344.98,9325631.63,70076183.91,150237121.46,26361545.85,76116203.22,288872273.89,127010218.52,63695794.11,91437940.91,19542439.88,15066106.66,35048141.29,20643441.06
2020/Mar,8148169.46,3076003.2,15107056.74,2937346.43,35610330.34,1842472.54,7210345.19,29309892.09,14568254.23,47009985.82,22438442.72,17844195.52,66221727.51,16014260.42,8093465.51,73156459.75,142897333.08,26637385.72,77004637.47,297359679.7,117317015.92,61835940.53,102876132.83,19032785.73,14906973.08,34843938.16,22947163.99
2020/Abr,7353768.37,2286642.6,13534657.88,2868820.96,28292446.48,1705873.64,6391193.66,25256589.2,12224393.97,45048541.7,18744943.81,16273867.55,49241430.42,15057213.01,8589154.91,62673156.89,133416702.94,25322623.29,71404623.67,251331659.0,94604541.3,51632371.91,83000318.02,17410262.53,12563655.61,30932236.73,21536505.16
2020/Mai,7739864.47,2896340.24,19698748.89,2752228.26,32998806.72,2065055.35,6707977.77,31356916.21,13182211.0,46430634.71,19454054.0,14997248.91,58988241.41,14411431.27,8026929.31,64075440.82,133514800.21,28976583.86,85123662.73,272493373.35,107506194.76,55188294.77,82381774.95,17913161.92,13632848.78,34406945.17,19058243.91
2020/Jun,9246097.96,3045245.8,21129394.43,3401864.29,42192745.99,2009912.57,7424637.88,34868483.11,15282065.7,54991440.03,21476468.96,17441299.56,64301576.28,15406872.52,8057935.1,69686505.66,139943759.22,29041781.1,91735358.99,306768344.3,96981983.22,57897436.61,86092502.24,17363192.43,13215428.53,36101619.85,22704335.27
2020/Jul,11824687.13,3915193.2,19769460.14,3015488.3,40804126.43,3253399.45,9155572.36,35473489.49,19908573.27,56019506.33,26337808.77,27294311.05,74914677.43,18453860.49,10313262.56,84204991.86,165759955.94,33474963.98,99331352.01,367648996.72,109720663.59,61267297.89,100579287.65,18858844.44,16834650.98,40606222.82,25269773.34
2020/Ago,11733307.76,3640142.82,18059931.43,2826486.18,44385715.88,2946398.44,8390267.72,32219037.29,25663537.49,61719491.69,27579658.62,23288213.79,77232881.01,19995280.39,11404646.48,83478081.57,171048093.95,32364742.01,96339615.99,349900969.68,129529222.48,65467585.93,102609965.59,19877080.68,19704915.36,46229357.1,26526196.39
2020/Set,10201985.14,3391242.21,17841015.63,2928043.91,36820249.47,2416019.23,8729632.49,30077152.72,20230782.72,56625919.77,27721340.38,19480481.07,71715677.42,18185986.17,10741986.6,80540324.01,175439696.53,38569356.14,88305239.94,354117254.42,122702263.26,71781494.82,104401019.54,19247894.51,20746227.6,44889588.33,20056592.11
2020/Out,7955139.45,4044321.44,16408315.1,3090313.73,36965931.34,2203732.04,7770885.66,33200778.47,22389215.72,59074596.33,26048003.33,19988426.94,66555628.25,18871513.02,12278300.58,81250834.02,178279152.74,35748380.19,86995649.35,345733068.79,129647873.97,69414431.71,117458292.46,19497210.85,22727405.2,45529496.23,20856249.3
2020/Nov,9357946.29,3276590.1,19895617.91,3621031.05,39004315.8,2218532.26,527840.46,31942670.33,18911604.5,56916499.66,24737052.09,18418075.59,78904176.21,18597375.56,12264609.05,86257814.0,175253226.91,32030401.25,86776500.97,335084865.66,126859051.02,68460616.55,108853890.98,22023126.25,20506039.58,43037600.45,20459325.27
2020/Dez,8880836.55,3696997.31,17765167.69,3454460.94,38015145.79,2566919.6,675277.05,30783403.58,20883972.79,50849353.22,23846816.35,18099514.43,70978052.15,17805273.37,11454427.82,85871122.17,172509435.62,33674687.78,90416725.95,330489045.98,120037066.76,70333079.37,111760506.8,19629591.55,19583803.46,44147353.21,22991567.76
2021/Jan,9266014.59,3715723.12,21430289.17,3266928.47,38354682.46,2802886.34,419553.49,30738750.31,22689390.32,52078218.88,28044464.51,19524543.63,83846222.44,17543184.88,12060864.7,79961693.17,174722161.98,39642483.39,94179674.42,355149525.6,122122779.12,71970474.56,119992419.94,21693311.15,19120141.68,46127763.88,23527050.29
2021/Fev,7730597.04,3538427.92,25917134.55,3519773.73,37688314.23,2817849.31,319160.87,30924484.99,19400269.01,53171253.41,26317613.74,21302722.77,75562664.69,18526929.38,13003816.54,81992571.15,177270694.34,40243896.2,85583557.95,348827130.99,132622112.72,74337524.03,111797400.7,24337295.63,18349376.92,42742773.93,22766952.62
2021/Mar,11023309.47,4077045.92,22032176.22,3985530.08,33276392.89,3188210.98,1357751.33,39663677.48,20018325.75,62079618.54,23306498.68,25750897.89,83870992.73,22118639.05,13321494.41,98746333.07,200471045.07,45490499.45,106837295.81,392946147.42,140264608.52,81376630.57,130155185.16,25168195.34,19611032.61,45592686.49,31831917.45
